2044 0.512948098
2072 0.57717262
2068 0.604171279
2048 0.58923582
2044 0.540673335
2063 0.587418537
2035 0.538390304
2065 0.558699806
2043 0.568574402
2045 0.550064345
2054 0.550860743
2070 0.504131492
2027 0.555671727
2063 0.512040135
2058 0.545785651
2027 0.539511493
2073 0.518041416
2040 0.52005441
2038 0.527705113
2084 0.512786035
2069 0.510138494
2051 0.556740676
2071 0.561442571
2043 0.53812923
2055 0.534984621
2054 0.519284584
2077 0.511704261
2048 0.526405411
2089 0.522987762
2063 0.519839623
2068 0.524760487
2054 0.513186187
2063 0.54197473
2040 0.528420846
2042 0.515593739
2043 0.535629342
2076 0.57183967
2057 0.519412928
2023 0.531053378
2039 0.521217491
2064 0.516128899
2052 0.557285741
2064 0.523134946
2020 0.523116027
2045 0.519692968
2069 0.543970377
2063 0.520970945
2038 0.535040567
2066 0.541695515
2043 0.535151737
2042 0.558731178
2065 0.518319505
2039 0.524354425
2081 0.585323449
2047 0.521557765
2039 0.507959341
2091 0.526912248
2058 0.528888601
2060 0.548513055
2063 0.529847368
2030 0.55345691
2043 0.515858676
2063 0.54131477
2048 0.588124664
2057 0.56537957
2030 0.521596618
2076 0.559580211
2051 0.545518198
2085 0.53635039
2057 0.564295765
2055 0.546432216
2077 0.545489139
2041 0.555524935
2050 0.520732233
2063 0.528294108
2035 0.519577538
2041 0.573963285
2056 0.518173932
2022 0.587253372
2060 0.53116295
2053 0.529038237
2066 0.559519675
2028 0.543686389
2030 0.526563716
2062 0.556954754
2065 0.530087785
2063 0.566940132
2057 0.517619837
2063 0.521079046
2038 0.551914243
2069 0.536489015
2067 0.545963683
2031 0.551622455
2059 0.539577825
2017 0.54419151
2055 0.523053811
2060 0.537699063
2053 0.530779396
2087 0.523189291
2082 0.522365395
2046 0.557068999
2054 0.537152225
2078 0.55098232
2069 0.540932954
2062 0.52114087
2022 0.568779982
2092 0.528521766
2032 0.539219101
2091 0.523615483
2030 0.478683463
2089 0.519001838
2088 0.515262641
2043 0.544683861
2093 0.522429757
2045 0.538060934
2090 0.59819558
2046 0.522461218
2073 0.524652811
2048 0.547749083
2085 0.527420672
2076 0.551460111
2034 0.516800138
2043 0.517242148
2067 0.535246897
2074 0.676517948
2054 0.58748925
2062 0.546565679
2038 0.57585354
2038 0.562452766
2057 0.567996418
2040 0.544815827
2052 0.594798798
2040 0.51732916
2057 0.614093583
2015 0.514494601
2030 0.539602465
2034 0.524252957
2060 0.524806256
2043 0.517624661
2101 0.543301675
2048 0.526748261
2057 0.575521776
2043 0.585368593
2065 0.516365957
2026 0.601937698
2045 0.644814003
2055 0.52449242
2035 0.578485188
2035 0.542699059
2056 0.537923315
2047 0.530177912
2063 0.534333378
2034 0.550749204
2085 0.515541492
2045 0.56384765
2075 0.532182156
2021 0.521970901
2061 0.600924996
2013 0.517869846
2066 0.546950209
2030 0.546850459
2066 0.536255615
2074 0.521175716
2083 0.527794544
2074 0.528521432
2035 0.533987814
2063 0.516599802
2051 0.524003298
2096 0.542851614
2038 0.565940218
2025 0.543938651
2063 0.552930162
2067 0.548801666
2062 0.53871052
2069 0.51501185
2067 0.519261936
2087 0.529098243
2066 0.531124396
2043 0.597942743
2084 0.515014041
2034 0.555897714
2075 0.520665063
2030 0.513074189
2060 0.558238838
2030 0.534685056
2061 0.528832257
2067 0.520697304
2083 0.544776714
2074 0.648782835
2049 0.53111208
2050 0.54029805
2051 0.517762855
2043 0.523219838
2030 0.520096528
2041 0.516815629
2024 0.519093782
2038 0.547480418
2088 0.52273959
2063 0.53497362
2034 0.579069832
2041 0.553969777
2064 0.524798354
2025 0.543521032
2055 0.561966541
2041 0.537920791
2041 0.539049748
2067 0.542431087
2064 0.547271551
2063 0.490969079
2028 0.555175865
2064 0.533127969
2051 0.508471832
2063 0.51501322
2053 0.54217736
2059 0.557998717
2048 0.519975135
2043 0.562498233
2064 0.532497833
2038 0.503957848
2043 0.516732365
2059 0.513932866
2026 0.518844428
2030 0.520826013
2030 0.524914139
2054 0.549286766
2051 0.546009218
2031 0.575184419
2075 0.549217798
2048 0.609200625
2042 0.535990224
2038 0.537516339
2050 0.553087535
2096 0.529485166
2069 0.536756861
2055 0.551944541
2049 0.511386358
2053 0.535310298
2063 0.549903608
2069 0.546993359
2059 0.532818687
2038 0.553720676
2042 0.520734929
2063 0.577688347
2070 0.52627812
2063 0.577599557
2053 0.52646439
2052 0.538795528
2070 0.558364903
2062 0.572219137
2049 0.555790682
2019 0.60686583
2049 0.540263475
2063 0.516491476
2033 0.533006751
2055 0.522009219
2077 0.546066237
2063 0.674901273
2056 0.525740256
2063 0.525862886
2040 0.527557831
2038 0.540405297
2030 0.55154349
2042 0.555883316
2054 0.549001009
2069 0.608192951
2036 0.539172914
2051 0.543598368
2069 0.517099599
2070 0.572804381
2055 0.54046566
2067 0.503172486
2030 0.536919502
2049 0.519262213
2045 0.56152507
2026 0.520958067
2067 0.544883587
2054 0.525618482
2052 0.530923794
2079 0.516611893
2070 0.535712859
2054 0.511731231
2077 0.529383561
2040 0.52376504
2030 0.527239699
2030 0.516848203
2043 0.539459459
2067 0.5391768
2086 0.583951819
2054 0.560242769
2059 0.520173354
2043 0.508943022
2043 0.556386693
2069 0.52484698
2037 0.537113578
2041 0.516875877
2035 0.600548136
2042 0.532519095
2057 0.516586068
2043 0.521783291
2073 0.517354686
2054 0.537710128
2051 0.535392686
2051 0.517224748
2028 0.551635173
2042 0.56139721
2069 0.526180478
2057 0.588665369
2089 0.545686604
2064 0.54709818
2063 0.554719584
2034 0.55009703
2060 0.557788214
2051 0.542759765
2102 0.667446579
2092 0.52649033
2061 0.549081844
2078 0.561798503
2045 0.536529327
2079 0.528285525
2063 0.530939857
2057 0.521361939
2025 0.542916977
2032 0.516762885
2063 0.549310736
2065 0.52135087
2028 0.562756902
2063 0.556727053
2025 0.527450191
2063 0.507171568
2031 0.556453631
2065 0.517288924
2074 0.5568753
2041 0.650847621
2068 0.524372611
2067 0.559938051
2038 0.58674566
2030 0.583170892
2063 0.55756081
2043 0.606345075
2030 0.518499893
2063 0.515451783
2038 0.523647956
2051 0.532912465
2060 0.531843659
2072 0.560841611
2053 0.528267222
2063 0.510802821
2083 0.537090612
2035 0.53188041
2038 0.542085716
2032 0.55587821
2074 0.511973958
2034 0.519411453
2060 0.545270777
2049 0.544263721
2074 0.528194295
2063 0.549873532
2064 0.534285854
2042 0.556244641
2020 0.506648318
2074 0.579976121
2039 0.531307736
2046 0.531032047
2038 0.505374044
2059 0.518992368
2069 0.519681327
2038 0.613038722
2043 0.546197237
2054 0.539212661
2042 0.580202593
2048 0.59621912
2085 0.536357372
2028 0.570697187
2057 0.53703605
2049 0.535609885
2077 0.594128959
2043 0.517409457
2088 0.523593396
2060 0.528974289
2034 0.518233515
2048 0.579421679
2030 0.519143443
2045 0.535946077
2081 0.553079379
2005 0.521098107
2071 0.537687262
2063 0.561897411
2051 0.523570559
2043 0.547178041
2043 0.529373701
2049 0.534548624
2041 0.551054059
2030 0.515394068
2096 0.523530492
2062 0.525053087
2038 0.555788993
2061 0.534762535
2058 0.57202916
2063 0.531400506
2042 0.539061201
2069 0.520470914
2069 0.531163888
2057 0.521591321
2043 0.543748026
2043 0.535863694
2040 0.516581699
2035 0.524427622
2092 0.51608652
2017 0.535158027
2046 0.581866121
2048 0.55529093
2038 0.528132331
2030 0.560996751
2054 0.515846713
2042 0.557072845
2063 0.538154108
2039 0.557127535
2053 0.535923277
2043 0.560915443
2054 0.536731585
2063 0.546427542
2025 0.546927321
2030 0.532192231
2066 0.507378714
2038 0.538115972
2069 0.516087335
2087 0.528730373
2060 0.537968922
2041 0.545759227
2043 0.53589418
2077 0.518451939
2038 0.518734838
2028 0.547957331
2021 0.555800105
2043 0.515877198
2059 0.557578349
2092 0.522619876
2026 0.521536279
2043 0.527691279
2060 0.537464735
2049 0.546251426
2074 0.527082572
2050 0.540314307
2029 0.546191077
2030 0.549102558
2043 0.550023295
2071 0.541948003
2087 0.571861052
2051 0.527740342
2067 0.592640352
2074 0.515762082
2086 0.522027262
2063 0.51364025
2051 0.534205631
2043 0.532770346
2055 0.623072651
2088 0.540553631
2079 0.521061616
2075 0.530494045
2060 0.568936526
2052 0.535983427
2055 0.512668416
2051 0.518616657
2057 0.533188148
2063 0.542044308
2042 0.537290545
2067 0.515435548
2030 0.546967012
2087 0.553085901
2044 0.521612938
2052 0.534052077
2073 0.507100258
2078 0.543987103
2052 0.595072662
2059 0.537454166
2073 0.515046402
2033 0.541595953
2081 0.52472519
2067 0.520247725
2054 0.525975257
2082 0.514911795
2084 0.542431802
2058 0.525946268
2038 0.517084557
2043 0.553671685
2049 0.607576074
2060 0.553365297
2044 0.57299867
2063 0.516205952
2030 0.546101202
2063 0.515647414
2036 0.517485029
2063 0.52301481
2079 0.533177956
2045 0.525226464
2041 0.539653675
2079 0.51740892
2043 0.539278077
2066 0.517262691
2064 0.534490764
2053 0.518938757
2042 0.533655637
2059 0.515467438
2032 0.515844378
2072 0.612087425
2030 0.530706168
2075 0.527032341
2054 0.574028503
2077 0.563856078
2051 0.546036728
2043 0.556267554
2018 0.519616707
2064 0.541613063
2046 0.549702817
2045 0.547997592
2027 0.521034353
2088 0.521895241
2064 0.526076967
2027 0.537147231
2066 0.527073884
2045 0.556706335
2015 0.518838792
2026 0.53730126
2047 0.608883341
2061 0.5676326
2030 0.518499705
2067 0.514403209
2020 0.541405949
2030 0.525768711
2049 0.568840697
2052 0.558938921
2074 0.532868128
2086 0.527088668
2066 0.518249367
2034 0.534998952
2043 0.523463261
2070 0.545173458
2053 0.565251941
2040 0.530285269
2077 0.550022013
2065 0.551152309
2049 0.514486242
2039 0.571580792
2055 0.545790488
2088 0.543975435
2072 0.549947846
2042 0.471552337
2035 0.639671718
2060 0.523875942
2032 0.531758785
2018 0.523786162
2063 0.523904653
2064 0.559520742
2063 0.562715192
2025 0.553103254
2048 0.656185195
2061 0.544386694
2061 0.535997663
2030 0.522955058
2043 0.533022654
2063 0.554100253
2071 0.517449267
2009 0.554811031
2079 0.56680682
2016 0.586617214
2054 0.530126206
2032 0.544569257
2035 0.528225163
2052 0.605109673
2025 0.521360436
2038 0.536922224
2063 0.517800749
2028 0.561365082
2065 0.517480451
2057 0.551193227
2075 0.531323755
2051 0.549531334
2055 0.541303872
2069 0.555371075
2060 0.530615948
2030 0.557048639
2077 0.517004435
2030 0.52171542
2067 0.537771265
2017 0.532725782
2043 0.543844425
2060 0.516361948
2054 0.59019742
2049 0.587860058
2048 0.542410661
2051 0.534646997
2075 0.534722668
2049 0.51606135
2063 0.542149733
2054 0.557016544
2068 0.514666787
2063 0.54957518
2066 0.517916116
2059 0.517427778
2043 0.531258312
2032 0.544583388
2057 0.643395985
2063 0.545178136
2030 0.548061436
2083 0.536253557
2062 0.5144349
2068 0.513566233
2038 0.52931849
2038 0.536121818
2061 0.584914985
2066 0.572520017
2060 0.531527765
2034 0.515588708
2054 0.557503478
2043 0.534879964
2062 0.531071987
2062 0.595316671
2043 0.5155057
2043 0.524623229
2070 0.552701106
2060 0.517881363
2069 0.506176402
2078 0.552906896
2081 0.540967976
2030 0.515306613
2054 0.521863201
2082 0.535575695
2030 0.511136507
2045 0.567084571
2063 0.541530636
2050 0.537329601
2078 0.558700559
2030 0.521593784
2087 0.548792663
2060 0.531268891
2069 0.515750334
2043 0.510066293
2043 0.533766735
2028 0.52922196
2071 0.579595852
2055 0.541873648
2022 0.555200353
2038 0.581452976
2038 0.538069372
2041 0.515223308
2092 0.623533646
2034 0.529181982
2067 0.534856634
2058 0.600227796
2029 0.575462168
2052 0.554318659
2030 0.536411249
2038 0.547907442
2028 0.51840801
2027 0.557345501
2053 0.447146968
2057 0.537992263
2028 0.629121084
2075 0.518007292
2055 0.564931113
2057 0.542748769
2039 0.567372496
2027 0.588263325
2076 0.565827591
2071 0.560098931
2043 0.55459476
2049 0.56927534
2068 0.521538753
2052 0.5754636
2033 0.534560179
2038 0.52239505
2089 0.527047535
2043 0.539214524
2063 0.527727624
2074 0.521809054
2045 0.537342492
2039 0.528038933
2033 0.512156707
2064 0.578343253
2033 0.533622615
2058 0.541996307
2026 0.522592903
2043 0.546462873
2059 0.534958202
2042 0.552774742
2054 0.554792245
2051 0.556205231
2058 0.542222239
2067 0.521703538
2078 0.513434457
2078 0.578609357
2055 0.536599469
2052 0.569576688
2067 0.611410638
2034 0.517180065
2070 0.608722587
2035 0.54856674
2049 0.51881094
2028 0.522107529
2054 0.555112199
2043 0.566401661
2043 0.553740664
2044 0.559427376
2043 0.550786295
2062 0.524631904
2044 0.553807206
2063 0.54352363
2025 0.530669223
2051 0.533865433
2057 0.538959157
2030 0.541290329
2070 0.549862041
2032 0.521321527
2049 0.536695535
2038 0.528525732
2075 0.551125417
2067 0.503202308
2037 0.578427006
2057 0.555986001
2043 0.519616164
2052 0.534017357
2026 0.521397769
2066 0.540817434
2043 0.533271389
2067 0.541671231
2058 0.529385323
2051 0.569974957
2034 0.519129448
2071 0.514454654
2020 0.523204255
2043 0.534740097
2043 0.550924262
2037 0.543089459
2051 0.530175062
2043 0.543536218
2030 0.514805645
2055 0.530877641
2043 0.524659112
2023 0.523424666
2041 0.522857899
2049 0.536890382
2085 0.551261915
2030 0.547719487
2063 0.56177629
2066 0.563591414
2042 0.547571968
2043 0.522640932
2030 0.537140493
2047 0.522988701
2087 0.530689925
2048 0.518520386
2041 0.531327054
2053 0.551406327
2081 0.534861573
2052 0.581681206
2041 0.521300838
2077 0.52983393
2064 0.538536782
2058 0.54501045
2026 0.526266303
2034 0.517051054
2043 0.53903253
2083 0.527994878
2053 0.521737869
2063 0.526616083
2035 0.542520748
2062 0.551212049
2030 0.547492652
2063 0.546261076
2020 0.559548931
2005 0.562342602
2074 0.55719083
2022 0.569840617
2060 0.573926255
2082 0.604235052
2030 0.571539343
2037 0.735475988
2060 0.561551627
2049 0.536400113
2043 0.520169229
2036 0.548181594
2063 0.527965933
2055 0.579230579
2041 0.538478718
2059 0.522240723
2061 0.531108553
2069 0.522135133
2040 0.530601995
2039 0.540718661
2036 0.53534976
2049 0.598052498
2064 0.525496644
2075 0.560871884
2049 0.554084578
2038 0.552063655
2063 0.52983769
2027 0.555122735
2042 0.551909656
2036 0.545450539
2098 0.520989631
2030 0.555149826
2051 0.550877611
2080 0.54806356
2063 0.533598
2029 0.52166806
2054 0.525104979
2054 0.540909966
2044 0.600502865
2050 0.546778067
2069 0.531952637
2063 0.520766226
2043 0.571431445
2055 0.548744492
2055 0.540219951
2046 0.549109391
2038 0.575791672
2015 0.521596775
2051 0.547678677
2063 0.515893674
2067 0.508115891
2056 0.516538643
2073 0.524382776
2032 0.524902935
2074 0.525201404
2043 0.574884927
2042 0.528753263
2053 0.544786269
2040 0.541297651
2043 0.514001203
2033 0.521967757
2068 0.534471665
2028 0.603487844
2030 0.521665139
2056 0.602984146
2050 0.555460186
2058 0.536040731
2030 0.513977655
2042 0.537557456
2075 0.498396728
2063 0.544547323
2042 0.536631331
2035 0.529848434
2009 0.532218396
2049 0.51902075
2043 0.546879178
2069 0.526671825
2043 0.537873648
2092 0.524750993
2033 0.533699292
2026 0.522960059
2030 0.523699667
2050 0.551325024
2030 0.552399391
2036 0.535778517
2054 0.545830303
2051 0.558540672
2064 0.642876099
2038 0.551075037
2063 0.534476513
2051 0.532122761
2093 0.561420744
2045 0.646977198
2049 0.548554517
2074 0.636080425
2051 0.528576355
2073 0.534188446
2043 0.516233847
2049 0.539923238
2060 0.518530459
2030 0.525595866
2049 0.524843879
2026 0.539935649
2063 0.518118802
2022 0.551873097
2067 0.560862196
2042 0.53591538
2030 0.570435064
2043 0.548373329
2039 0.526452464
2053 0.525395578
2041 0.52767925
2066 0.64878394
2039 0.535077746
2048 0.614378527
2049 0.527413183
2039 0.524244793
2038 0.553967743
2038 0.55224372
2042 0.520945546
2064 0.515553874
2038 0.512032197
2051 0.523324299
2042 0.572294633
2051 0.521372705
2057 0.565836196
2051 0.519378923
2069 0.518309757
2030 0.523370761
2051 0.541780618
2063 0.495666204
2038 0.545329007
2058 0.578256606
2051 0.520117852
2066 0.518148899
2058 0.531120876
2043 0.559182162
2063 0.521957938
2050 0.521620879
2054 0.553341232
2048 0.518059682
2053 0.522340878
2035 0.539864579
2063 0.5336511
2027 0.521547971
2026 0.519502398
2069 0.583574853
2041 0.514957474
2049 0.530428832
2067 0.527313073
2057 0.59658982
2043 0.528605899
2056 0.532629366
2043 0.566197293
2054 0.539097834
1996 0.57625583
2059 0.519106823
2096 0.539371644
2082 0.534339232
2037 0.531722781
2065 0.574500128
2040 0.566104376
2038 0.539195306
2009 0.520912369
2069 0.541543259
2039 0.519550274
2067 0.513866893
2030 0.523267782
2051 0.518151649
2063 0.548082909
2062 0.522097536
2030 0.515371619
2044 0.570118336
2024 0.522970664
2042 0.534260837
2045 0.539934388
2070 0.523435894
2030 0.528552487
2042 0.550608804
2067 0.532240185
2076 0.527215602
2070 0.553069946
2055 0.521380423
2034 0.51605582
2043 0.548887341
2021 0.522531119
2096 0.56405413
2033 0.544308186
2030 0.53748474
2020 0.555210091
2063 0.568147937
2057 0.535958586
2016 0.574678316
2043 0.555756471
2055 0.524961984
2047 0.519090553
2042 0.531669872
2045 0.578038116
2043 0.523770829
2057 0.581913425
2069 0.532637539
2057 0.578436626
2043 0.552370325
2039 0.536151719
2037 0.579187066
2062 0.519100196
2045 0.603498814
2078 0.555214477
2030 0.531935474
2028 0.534566685
2055 0.532125474
2038 0.515201311
2049 0.538558223
2036 0.546858363
2030 0.540868784
2054 0.559202782
2081 0.571499471
2051 0.537991324
2054 0.542799578
2030 0.550590463
2034 0.584876556
2026 0.563198721
2063 0.544817363
2029 0.571062924
2054 0.529193907
2034 0.580807132
2051 0.51970067
2049 0.538866315
2061 0.527360864
2052 0.530801882
2063 0.541895956
2026 0.520877297
2031 0.521288026
2030 0.553870976
2063 0.554208405
2047 0.627242378
2069 0.514105741
2069 0.514924519
2038 0.527183837
2077 0.513063876
2027 0.539572467
2049 0.513161926
2051 0.519562105
2051 0.524039
2026 0.515208719
2034 0.510221687
2022 0.532753661
2045 0.532925641
2064 0.558845404
2065 0.548607358
2076 0.550064853
2043 0.53951203
2038 0.531759167
2030 0.526880543
2067 0.523433465
2093 0.524712781
2055 0.561521207
2042 0.523782934
2054 0.520395066
2067 0.551627681
2042 0.522103851
2066 0.517642106
2076 0.545802572
2043 0.521544064
2062 0.591150729
2075 0.500178676
2043 0.515283936
2070 0.513749732
2065 0.531737541
2065 0.516950421
2038 0.544890757
2082 0.562995556
2030 0.554778864
2074 0.534077525
2071 0.516088246
2058 0.518537138
2026 0.518842127
2052 0.528319645
2044 0.520184743
2035 0.551148039
2060 0.547270952
2049 0.519885864
2030 0.524733859
2064 0.540706865
2063 0.522947945
2075 0.574201843
2049 0.517354224
2050 0.52447485
2078 0.516187878
2041 0.546908976
2038 0.523131156
2055 0.535645334
2022 0.55203664
2042 0.524235773
2085 0.581385642
2025 0.547581146
2054 0.529764045
2067 0.57933848
2030 0.663250769
2038 0.533933402
2062 0.550384078
2060 0.548168795
2045 0.561030843
2078 0.545354446
2009 0.519681421
2066 0.516535112
2038 0.521700975
2059 0.526107961
2047 0.557431116
2049 0.545150507
2074 0.506072139
2045 0.548837016
2031 0.556387131
2035 0.549608634
2047 0.553127283
2057 0.544692121
2035 0.534917873
2059 0.527551579
2033 0.524887097
2063 0.553492603
2057 0.540785356
2038 0.541987422
2078 0.433206214
2033 0.534005347
2069 0.524901988
2052 0.539624368
2051 0.546699335
2077 0.561214916
2039 0.556250133
2050 0.532729664
2063 0.565733101
2005 0.532203466
2069 0.53698691
2051 0.53991757
2047 0.591529636
2074 0.514752086
2073 0.56105943
2049 0.525951788
2051 0.519458461
2076 0.516212372
2068 0.510629882
2075 0.515698194
2049 0.524819364
2009 0.512937494
2064 0.529337919
2099 0.511131821
2041 0.525888851
2100 0.532519869
2049 0.523075661
2056 0.529291911
2051 0.554148697
2038 0.524940366
2052 0.515902026
2060 0.592382959
2043 0.558226504
2096 0.520271663
2065 0.512901257
2026 0.519718916
2024 0.516537647
2025 0.548773618
2052 0.546339997
2053 0.54261727
2061 0.549397337
2082 0.541355344
2053 0.565046864
2066 0.543995995
2043 0.559332545
2043 0.576315267
2061 0.541053857
2043 0.519722469
2052 0.532830735
2038 0.521928932
2058 0.519207741
2067 0.550692106
2048 0.55554148
2072 0.526732207
2085 0.544830676
2041 0.554220015
2051 0.521067907
2057 0.599384463
2057 0.517945868
2090 0.537694312
2076 0.528621572
2065 0.549850392
2009 0.541163341
2072 0.581936944
2060 0.550233751
2065 0.612317703
2028 0.61345525
2063 0.538302083
2045 0.572814177
2028 0.524577278
2043 0.524027721
2057 0.546121757
2076 0.578401238
2081 0.535455944
2036 0.533409451
2054 0.537762877
2060 0.522566277
2030 0.528883787
2061 0.534742898
2042 0.530070763
2039 0.541796114
2101 0.495896339
2081 0.550779245
2065 0.621745057
2039 0.540969668
2043 0.526341247
2049 0.53467537
2068 0.535932706
2043 0.538528138
2065 0.515430915
2051 0.539469255
2057 0.551061256
2038 0.552653562
2055 0.548833434
2051 0.531510742
2054 0.534771622
2076 0.555645942
2062 0.552758932
2054 0.547132211
2040 0.538426001
2031 0.564443014
2067 0.551266189
2051 0.519640244
2032 0.531439115
2067 0.515625879
2055 0.50626125
2049 0.553697882
2075 0.570702695
2057 0.519938655
2030 0.54843367
2063 0.520992611
2063 0.508987062
2073 0.520193794
2053 0.545903857
2063 0.529839473
2055 0.556299523
2030 0.53051517
2037 0.612154254
2018 0.554808979
2043 0.534592758
2043 0.531459859
2068 0.539177193
2043 0.524910331
2067 0.528599709
2040 0.596059921
2024 0.567422859
2063 0.526873256
2063 0.550340476
2043 0.535019009
2081 0.542784413
2063 0.518531235
2054 0.510641612
2028 0.636371137
2061 0.570362311
2043 0.529086321
2051 0.517886488
2041 0.534841692
2028 0.562863207
2078 0.528839092
2057 0.539220218
2050 0.54170561
2059 0.515658418
2061 0.523668301
2084 0.594486463
2042 0.558779534
2041 0.537976484
2044 0.524261911
2042 0.535741803
2066 0.532898962
2087 0.519963316
2050 0.517416365
2041 0.548889549
2076 0.525795168
2066 0.558340478
2063 0.520764425
2017 0.542743491
2038 0.561084139
2044 0.522907948
2041 0.547783175
2044 0.53447603
2063 0.561909408
2036 0.563451143
2050 0.601070877
2056 0.521759564
2042 0.521629724
2071 0.518304507
2065 0.517554549
2071 0.515547026
2043 0.523842948
2043 0.540797762
2068 0.519105585
2043 0.549342433
2057 0.552340293
2059 0.538922669
2070 0.523210462
2075 0.527592778
2051 0.543966373
2027 0.53877203
2043 0.564044266
2057 0.597484164
2065 0.519469446
2051 0.551748168
2043 0.536193671
2077 0.541547823
2031 0.519168839
2068 0.516551527
2067 0.524494711
2063 0.519552419
2076 0.550113916
2054 0.620910439
2066 0.572221193
2023 0.538400867
2051 0.60300082
2026 0.546749489
2034 0.518171225
2068 0.550262868
2068 0.541279688
2078 0.550024859
2036 0.558037753
2040 0.558394652
2059 0.539261185
2042 0.548719725
2041 0.56218883
2071 0.517953568
2062 0.580840329
2049 0.584503746
2042 0.548333697
2038 0.520191901
2057 0.539282388
2064 0.525503374
2082 0.515901437
2067 0.518337629
2037 0.543733134
2030 0.572469319
2058 0.536798118
2017 0.527077091
2101 0.543089498
2057 0.556087284
2085 0.511078615
2057 0.504624506
2054 0.545019599
2060 0.557309259
2067 0.54220721
2058 0.529075545
2089 0.536033182
2050 0.570208566
2045 0.543293707
2045 0.601345721
2051 0.526168256
2058 0.523239237
2043 0.536760561
2059 0.539469632
2053 0.512390834
2020 0.536494032
2026 0.525367681
2050 0.551163733
2057 0.529390728
2085 0.546823239
2070 0.522711341
2027 0.533303935
2063 0.514006461
2034 0.513079424
2038 0.515854995
2054 0.501140065
2038 0.53828864
2100 0.524023988
2043 0.524391137
2043 0.544322411
2057 0.540082835
2038 0.578107967
2069 0.535137162
2005 0.529771981
2046 0.547691571
2062 0.548471048
2064 0.524967987
2061 0.521647469
2038 0.52752871
2089 0.529111314
2035 0.538382434
2041 0.645275723
2015 0.522299608
2030 0.545958619
2061 0.516326059
2046 0.513638909
2067 0.520687016
2030 0.542252973
2038 0.530105235
2053 0.548719172
2061 0.552692558
2062 0.573402839
2055 0.552006081
2048 0.57353379
2055 0.54386895
2057 0.517685458
2063 0.549078973
2053 0.519608172
2027 0.528187053
2022 0.529481549
2015 0.517033871
2017 0.519979972
2037 0.556906788
2049 0.544213281
2060 0.516255615
2070 0.524994636
2061 0.5625674
2063 0.531922303
2065 0.563174859
2055 0.531698485
2042 0.528412186
2059 0.608452178
2063 0.527728118
2044 0.536937259
2043 0.527650029
2073 0.54839885
2033 0.525718767
2073 0.513510898
2078 0.532739204
2046 0.591181558
2016 0.549508578
2029 0.540512409
2057 0.578253613
2055 0.546824208
2043 0.55520242
2054 0.523497026
2058 0.568297037
2042 0.537846519
2043 0.53460761
2074 0.553156008
2053 0.538451918
2051 0.52582261
2048 0.565707618
2051 0.55011816
2047 0.516344333
2041 0.521743815
2035 0.548665815
2028 0.560310407
2077 0.633206543
2062 0.519372484
2034 0.515198638
2052 0.513722694
2043 0.520277192
2054 0.523593262
2031 0.549742014
2058 0.520693871
2043 0.533894138
2053 0.530782728
2045 0.528447706
2055 0.539829489
2038 0.46781274
2048 0.510696996
2041 0.527550309
2066 0.536951277
2034 0.60408136
2028 0.531245957
2062 0.635912202
2052 0.563684029
2064 0.576277176
2081 0.564350816
2078 0.525905538
2038 0.556090315
2051 0.5312224
2043 0.622943899
2062 0.651067474
2022 0.519810119
2027 0.544741495
2057 0.531810189
2063 0.537310761
2062 0.575803301
2028 0.593249193
2049 0.532318109
2085 0.535785467
2080 0.531468792
2051 0.552022743
2051 0.533720665
2058 0.557186016
2055 0.546578552
2042 0.553619779
2045 0.544035662
2041 0.524639548
2016 0.516682525
2037 0.520232253
2071 0.52416161
2028 0.569626456
2043 0.562494171
2043 0.513905406
2061 0.62236146
2057 0.52154288
2067 0.559575632
2067 0.550278694
2034 0.56043589
2047 0.54568426
2022 0.538944363
2053 0.605460749
2042 0.526063317
2047 0.549483068
2065 0.559889034
2063 0.526716586
2051 0.537520759
2020 0.524435534
2062 0.511518588
2063 0.557823112
2052 0.532543787
2051 0.529669218
2060 0.570601771
2022 0.534081684
2063 0.519836891
2080 0.538807388
2054 0.585211202
2067 0.536814775
2067 0.512207138
2057 0.556799649
2058 0.514732301
2010 0.539415517
2063 0.54180854
2093 0.52999412
2028 0.541429212
2059 0.5627424
2066 0.543392866
2030 0.517380463
2030 0.540091018
2048 0.559513973
2051 0.553448384
2043 0.532519904
2036 0.540375877
2047 0.552567367
2072 0.593599929
2046 0.541899014
2051 0.524654371
2033 0.596930119
2017 0.527459082
2067 0.533130584
2041 0.526574276
2068 0.517296888
2065 0.57350536
2041 0.533515614
2069 0.520683577
2087 0.544327178
2069 0.51703956
2069 0.540836681
2055 0.661923676
2063 0.542144926
2060 0.555097874
2061 0.519169164
2045 0.523953719
2012 0.526307591
2059 0.551379028
2047 0.646889939
2026 0.534001965
2065 0.623051019
2065 0.534985214
2051 0.560997636
2060 0.541154803
2037 0.582881595
2067 0.544387443
2037 0.53025601
2056 0.522811316
2043 0.435746746
2057 0.5799752
2051 0.555267005
2041 0.543100587
2054 0.535694963
2041 0.531835666
2036 0.651131841
2049 0.5602183
2073 0.548618769
2063 0.597830533
2038 0.553973092
2087 0.564518777
2069 0.533004373
2039 0.526305187
2030 0.558548247
2060 0.537735659
2047 0.571897283
2039 0.551021085
2055 0.555655139
2038 0.527877853
2030 0.545147845
2062 0.514080151
2023 0.508976518
2098 0.54693123
2050 0.515250798
2051 0.514319061
2059 0.559347419
2048 0.559455099
2055 0.541794509
2038 0.519676294
2047 0.53862215
2043 0.547305081
2074 0.545321318
2057 0.521351569
2057 0.55358059
2059 0.547436122
2074 0.535875581
2039 0.550144484
2067 0.526173935
2059 0.537307498
2051 0.514545894
2074 0.552246078
2069 0.528355128
2066 0.514843684
2041 0.525778547
2049 0.534380289
2077 0.52501087
2025 0.515321124
2069 0.526988205
2033 0.512972722
2082 0.526141768
2038 0.582835088
2076 0.53149331
2038 0.5880469
2043 0.5704995
2074 0.515490616
2043 0.569284445
2028 0.524212017
2059 0.528868461
2088 0.570265503
2055 0.517875039
2052 0.531752022
2030 0.54740896
2043 0.52678559
2068 0.564176034
2028 0.559062652
2048 0.539592927
2070 0.556398121
2038 0.537873604
2061 0.522817135
2051 0.535990211
2061 0.530653749
2058 0.532374144
2088 0.547296064
2054 0.519943476
2078 0.580020144
2063 0.548336261
2054 0.566342071
2067 0.541973533
2083 0.595746413
2063 0.553081936
2057 0.583721884
2065 0.534496559
2047 0.560016294
2051 0.523950536
2079 0.51945378
2062 0.574104758
2052 0.542095695
2064 0.560594763
2035 0.532161469
2030 0.556073599
2036 0.540108773
2075 0.52008246
2039 0.540099763
2066 0.53220259
2067 0.544924528
2039 0.541177221
2043 0.511028772
2053 0.590271557
2038 0.521695547
2057 0.572197489
2082 0.578759587
2043 0.555658565
2088 0.529203382
2043 0.554980638
2052 0.608456918
2055 0.518098471
2030 0.51570122
2030 0.516822786
2051 0.435924336
2063 0.557114379
2051 0.544120363
2066 0.543399116
2013 0.544477682
2030 0.546760615
2032 0.539948448
2028 0.598710259
2038 0.571415803
2075 0.540314018
2023 0.583273003
2034 0.55749515
2087 0.544135696
2043 0.542758821
2043 0.542820641
2034 0.546339499
2034 0.518106416
2043 0.523446448
2044 0.598014835
2051 0.537074762
2041 0.54650245
2042 0.55851035
2067 0.523854078
2045 0.537488102
2048 0.556918216
2053 0.524436466
2057 0.527652996
2044 0.575593915
2096 0.528310335
2083 0.548877286
2076 0.582344533
2068 0.546824302
2071 0.524581788
2040 0.586918098
2043 0.546953343
2064 0.54523562
2079 0.53621369
2073 0.513576036
2057 0.554042011
2036 0.518477221
2083 0.493330416
2063 0.556525713
2056 0.513991307
2035 0.528277979
2060 0.529358865
2028 0.606944854
2063 0.51635625
2030 0.515721852
2038 0.514661766
2069 0.548850201
2030 0.523915175
2022 0.557020104
2063 0.536871273
2064 0.515239956
2051 0.523675098
2078 0.545994712
2047 0.553828046
2063 0.536035657
2069 0.511900688
2091 0.537430362
2067 0.515911405
2063 0.559525899
2069 0.512217559
2034 0.549363164
2048 0.539042169
2043 0.52092926
2043 0.516518975
2035 0.518950597
2063 0.530704578
2043 0.58975182
2026 0.527466439
2056 0.542688649
2035 0.5543002
2035 0.519570587
2068 0.528199798
2043 0.550131285
2053 0.536309821
2062 0.538101916
2051 0.520094536
2042 0.574148955
2030 0.528392789
2018 0.533903641
2034 0.506629202
2051 0.524266803
2043 0.522717639
2048 0.54345921
2043 0.524843192
2069 0.514495007
2026 0.522197112
2063 0.518693104
2031 0.571401118
2060 0.543010133
2071 0.53234389
2031 0.583244129
2041 0.56210524
2043 0.561657562
2048 0.586513719
2041 0.545993645
2017 0.531212735
2106 0.554411548
2069 0.536106678
2062 0.517623571
2071 0.517503242
2043 0.515914207
2035 0.534830234
2063 0.526001794
2038 0.532379663
2060 0.528136307
2061 0.570026008
2089 0.519493577
2069 0.417804746
2060 0.528271797
2049 0.511545454
2089 0.514112545
2017 0.535624272
2044 0.611325186
2073 0.525107488
2025 0.558974814
2055 0.530294691
2073 0.556739292
2026 0.557119631
2090 0.556903452
2077 0.531903177
2068 0.543730638
2030 0.523672576
2028 0.542964161
2054 0.548520172
2097 0.565155956
2065 0.512686274
2067 0.520601537
2043 0.530658024
2026 0.553821686
2061 0.537056613
2064 0.544765227
2051 0.530639895
2062 0.539052517
2038 0.577720416
2063 0.56196351
2038 0.543819802
2031 0.546937311
2062 0.518113749
2049 0.514703741
2051 0.545244488
2077 0.554983836
2069 0.519183487
2093 0.526952801
2063 0.52437485
2038 0.548360539
2030 0.53927299
2049 0.520106595
2043 0.537163168
2069 0.555751905
2085 0.562762152
2057 0.565171284
2061 0.523977444
2027 0.54874812
2067 0.536183993
2041 0.519811639
2043 0.527641263
2057 0.541553136
2041 0.56434354
2063 0.556854915
2058 0.519799639
2075 0.617153223
2038 0.553989046
2038 0.536401405
2043 0.515707925
2059 0.517950448
2074 0.510135665
2048 0.518825835
2053 0.543630662
2034 0.538057351
2038 0.547638309
2059 0.530277968
2030 0.552149274
2047 0.549923582
2028 0.601991508
2082 0.582118806
2064 0.526758461
2043 0.526094374
2058 0.519522225
2063 0.527194011
2030 0.533864478
2052 0.566760139
2030 0.571085574
2091 0.542384781
2058 0.573959605
2069 0.521160843
2055 0.523174406
2055 0.578288602
2048 0.535381486
2052 0.517765784
2055 0.523582086
2047 0.517898315
2054 0.547558496
2069 0.524452443
2043 0.536376554
2066 0.545359914
2058 0.543046083
2042 0.515393484
2069 0.540653631
2061 0.529763607
2033 0.516192824
2069 0.503729515
2054 0.554992793
2063 0.563160497
2058 0.524621116
2043 0.517641209
2060 0.518982676
2054 0.523289852
2043 0.552856633
2063 0.531783334
2041 0.536313889
2055 0.526552372
2055 0.532601011
2074 0.513303497
2051 0.528574065
2039 0.555757705
2043 0.512850858
2096 0.535574403
2035 0.458013842
2071 0.531208826
2049 0.534589095
2050 0.516873996
2056 0.538641562
2053 0.520669014
2060 0.621219493
2070 0.568831301
2063 0.528541378
2033 0.551820509
2047 0.538770334
2069 0.543220128
2063 0.54001858
2043 0.559260525
2043 0.528590009
2053 0.517096689
2058 0.51666152
2054 0.544028297
2065 0.524573394
2071 0.526650177
2050 0.515455326
2086 0.5292066
2053 0.512714096
2052 0.519691652
2051 0.52325662
2059 0.536199177
2059 0.531013684
2033 0.564584192
2078 0.534318214
2067 0.521239508
2063 0.520407351
2069 0.515721608
2063 0.548744657
2049 0.517392102
2043 0.538258562
2072 0.632830403
2069 0.515378881
2034 0.543693035
2065 0.527597109
2059 0.557292589
2060 0.546238218
2053 0.551239601
2057 0.528716977
2052 0.512217433
2038 0.555416098
2066 0.522463739
2042 0.533760201
2049 0.550887113
2044 0.561972597
2063 0.503306335
2087 0.539000875
2061 0.57900359
2029 0.537052722
2010 0.605142253
2058 0.541135558
2069 0.536080386
2057 0.538249429
2063 0.533476555
2073 0.519232063
2034 0.524825125
2048 0.572443145
2067 0.555029564
2038 0.570993191
2039 0.5385497
2022 0.519088316
2035 0.551559517
2043 0.519500965
2063 0.603339214
2062 0.55092748
2041 0.529015414
2063 0.526970581
2043 0.629576817
2056 0.521313291
2061 0.55139294
2052 0.621946853
2070 0.552747516
2041 0.52498347
2030 0.560053742
2082 0.531831557
2033 0.567511027
2028 0.543284559
2042 0.552294879
2063 0.55221189
2033 0.576679248
2082 0.541416886
2073 0.575082194
2030 0.52254473
2051 0.551291034
2017 0.51992057
2026 0.517507068
2093 0.527151676
2069 0.533183596
2050 0.524207056
2069 0.567852071
2073 0.650901374
2051 0.545206377
2016 0.519258914
2057 0.527456267
2057 0.535028112
2055 0.521380988
2038 0.536614007
2040 0.613772899
2066 0.529298252
2050 0.526109083
2030 0.539836087
2033 0.544684262
2088 0.571126674
2030 0.56034178
2040 0.54838238
2034 0.41974092
2062 0.550021312
2069 0.529706272
2043 0.513196109
2063 0.521038152
2087 0.527198111
2030 0.524934539
2046 0.546165978
2059 0.538344194
2063 0.543279598
2067 0.530955799
2021 0.539784
2049 0.524296463
2061 0.534371889
2048 0.578162552
2061 0.542893481
2043 0.518364734
2024 0.523332157
2074 0.532510967
2042 0.579151959
2090 0.544304308
2066 0.554529704
2058 0.52008876
2059 0.550166589
2044 0.529483249
2051 0.550655648
2057 0.521764736
2066 0.51456711
2041 0.53543308
2076 0.537232184
2080 0.538054292
2039 0.564013765
2048 0.560020868
2041 0.514426383
2055 0.527946908
2030 0.548763077
2086 0.538660571
2064 0.56298967
2020 0.537795955
2030 0.522493316
2031 0.548949039
2043 0.532497484
2034 0.537445557
2069 0.545525871
2030 0.512265984
2101 0.519370839
2066 0.515701652
2057 0.537806937
2042 0.518872102
2043 0.544418926
2074 0.515590033
2054 0.542648363
2043 0.520581317
2044 0.583880655
2030 0.543985299
2043 0.5200568
2056 0.554329445
2035 0.58288631
2054 0.539027237
2043 0.520702149
2027 0.521820656
2036 0.536136537
1997 0.540332973
2062 0.540258154
2048 0.539994646
2058 0.546968042
2069 0.545610507
2061 0.571524081
2062 0.600159565
2026 0.531539815
2049 0.520167774
2030 0.541490713
2038 0.540972515
2077 0.514309194
2043 0.543074368
2063 0.522501157
2045 0.564229507
2015 0.526261605
2049 0.529818814
2041 0.558053589
2071 0.554014523
2027 0.57571822
2043 0.523450206
2065 0.527972951
2038 0.555772528
2053 0.578597932
2074 0.533672543
2043 0.549136031
2061 0.515647724
2027 0.532513477
2043 0.568151239
2042 0.54068537
2047 0.612348371
2043 0.527635505
2043 0.543102304
2046 0.573819561
2063 0.554144047
2074 0.55956269
2076 0.520000303
2057 0.562073202
2071 0.521350468
2045 0.529381392
2063 0.518416369
2044 0.519132857
2061 0.570849724
2057 0.517778271
2030 0.519788495
2019 0.55408089
2042 0.565381473
2034 0.550400673
2030 0.394712663
2066 0.544532831
2062 0.521834449
2065 0.545414838
2056 0.626287324
2043 0.526071195
2042 0.550397292
2056 0.540251437
2082 0.556137434
2055 0.567874915
2017 0.538688094
2063 0.583414252
2066 0.556361564
2038 0.535245226
2058 0.539594062
2069 0.532489776
2059 0.595225784
2028 0.567298949
2043 0.549156761
2051 0.539810533
2048 0.550501137
2064 0.519234364
2028 0.569278224
2055 0.565127578
2080 0.563262835
2035 0.52060279
2030 0.527514906
2086 0.515665277
2031 0.537188504
2063 0.613810515
2043 0.546382874
2030 0.56818656
2053 0.545785677
2078 0.545103089
2090 0.520813722
2049 0.554923837
2061 0.559817181
2033 0.557501499
2067 0.507987346
2063 0.518789459
2064 0.53961401
2030 0.546082119
2030 0.519387709
2049 0.525639588
2041 0.514310916
2043 0.521784181
2046 0.533073693
2086 0.52551409
2077 0.499832536
2054 0.553160267
2052 0.568440535
2068 0.547038108
2067 0.514316229
2049 0.540192322
2059 0.537072483
2038 0.539248966
2055 0.558023043
2049 0.553464259
2051 0.544379839
2063 0.523136661
2058 0.555050193
2061 0.519855292
2043 0.523092702
2075 0.633099132
2036 0.540959563
2052 0.53308751
2076 0.531184626
2039 0.540740034
2068 0.570999422
2042 0.526618352
2053 0.532145843
2043 0.571444522
2038 0.567516046
2028 0.525286708
2077 0.545987168
2069 0.541534314
2045 0.616115024
2059 0.532614344
2062 0.534331499
2050 0.536401362
2027 0.541610215
2063 0.538473966
2035 0.535105478
2043 0.532772056
2030 0.56433402
2082 0.530037115
2015 0.584750932
2032 0.542523334
2043 0.538038129
2061 0.512846034
2065 0.556107819
2050 0.544968047
2054 0.522727471
2043 0.531301713
2069 0.537546682
2069 0.538837819
2049 0.532035812
2055 0.531844933
2065 0.589732609
2043 0.529124432
2064 0.523453082
2055 0.558380725
2087 0.568374402
2081 0.530386849
2038 0.585517106
2060 0.534638976
2049 0.52433112
2065 0.529312263
2047 0.57824385
2088 0.417290148
2038 0.530771528
2025 0.557595687
2030 0.52146171
2022 0.546373006
2079 0.538529492
2091 0.532488324
2048 0.526572074
2044 0.543525757
2057 0.568938971
2065 0.551234311
2069 0.544453564
2062 0.572998008
2063 0.521268493
2052 0.624515114
2098 0.53736428
2052 0.512291585
2038 0.527943802
2051 0.51978864
2048 0.521452094
2042 0.529233569
2060 0.625941322
2061 0.571454726
2055 0.568827016
2042 0.564250081
2043 0.551403035
2030 0.599575913
2064 0.521560747
2044 0.589120389
2061 0.614240845
2069 0.534312795
2049 0.560467767
2040 0.493595043
2045 0.552051066
2047 0.530566879
2036 0.527785328
2030 0.545640768
2061 0.546248646
2069 0.583126153
2005 0.511125636
2057 0.533884959
2062 0.541126516
2045 0.544036686
2070 0.513757408
2039 0.527162973
2042 0.515906611
2028 0.565520764
2063 0.534919688
2035 0.541979155
2068 0.528063372
2037 0.534354861
2050 0.527630764
2030 0.519531411
2035 0.578341374
2090 0.572231735
2043 0.55275496
2067 0.516211223
2060 0.549159003
2016 0.566005267
2059 0.516261253
2071 0.523833879
2066 0.560075058
2048 0.548592446
2063 0.558804963
2079 0.540742553
2077 0.552902822
2066 0.521385189
2068 0.53028463
2073 0.534658175
2054 0.577655191
2061 0.542954158
2058 0.546932864
2023 0.535389593
2058 0.551116311
2067 0.659994436
2059 0.522051869
2067 0.528241359
2035 0.544765714
2056 0.505146857
2030 0.51899911
2043 0.523607605
2071 0.551050844
2039 0.524184724
2067 0.52846624
2055 0.551924932
2043 0.541812126
2074 0.522371891
2034 0.529483307
2077 0.54957176
2043 0.535438448
2038 0.519706061
2047 0.535753207
2061 0.534620721
2038 0.537371822
2027 0.541049211
2038 0.540124294
2037 0.542285557
2056 0.519155674
2034 0.53545093
2069 0.563750726
2045 0.542061589
2035 0.531309725
2034 0.550906371
2050 0.523862181
2050 0.602716888
2074 0.523944421
2018 0.545219591
2061 0.552440867
2065 0.532945752
2046 0.402461987
2043 0.539688547
2063 0.522144367
2056 0.54818072
2034 0.551963287
2029 0.524068622
2077 0.569702317
2043 0.543530407
2067 0.659634983
2057 0.532214285
2035 0.552401547
2037 0.532283775
2077 0.544094217
2058 0.543450759
2055 0.522184151
2041 0.553059977
2081 0.518120085
2035 0.534129402
2042 0.559510846
2054 0.556180237
2043 0.51397913
2043 0.551469283
2057 0.52898751
2049 0.519430373
2065 0.54979453
2034 0.60639123
2063 0.511580731
2048 0.58570721
2063 0.517020932
2017 0.545801606
2035 0.559015162
2069 0.523505551
2030 0.518415279
2043 0.523004144
2067 0.543887394
2059 0.520570912
2077 0.522797485
2047 0.519232298
2045 0.588660414
2062 0.621301614
2060 0.55418987
2028 0.553987501
2032 0.558701076
2027 0.527752971
2045 0.588512276
2045 0.542312012
2045 0.529879424
2051 0.540608779
2043 0.553787315
2048 0.516937559
2096 0.538944135
2030 0.533155405
2069 0.530466985
2030 0.514979767
2051 0.622242686
2052 0.530779234
2063 0.58871125
2044 0.530465576
2040 0.520674129
2060 0.521872965
2066 0.528258704
2032 0.565670819
2043 0.523420351
2043 0.529056033
2057 0.530665297
2075 0.585547753
2043 0.546717904
2085 0.551646507
2076 0.516976384
2069 0.534298236
2042 0.542449219
2020 0.520373203
2049 0.535381053
2063 0.532114625
2076 0.523634213
2051 0.528633637
2049 0.529717164
2043 0.514940763
2064 0.531673377
2004 0.529574985
2020 0.551543822
2045 0.52522238
2089 0.556649855
2063 0.541148437
2057 0.521221444
2030 0.51364695
2005 0.479024586
2060 0.609850698
2091 0.528439191
2069 0.553557247
2030 0.524989103
2038 0.527907574
2067 0.501717401
2063 0.556441939
2051 0.534038814
2073 0.689333535
2041 0.561375894
2048 0.572449907
2063 0.531461564
2063 0.549756683
2049 0.550289952
2034 0.512684937
2051 0.548845697
2066 0.553503052
2039 0.542519448
2043 0.551379069
2057 0.53629818
2030 0.520005275
2063 0.540679406
2039 0.534242748
2063 0.534252226
2045 0.600667111
2039 0.524064581
2039 0.590676355
2034 0.572583258
2074 0.52448672
2052 0.552816445
2014 0.555034978
2010 0.546525087
2041 0.567809255
2063 0.545214722
2098 0.53417734
2035 0.545286372
2087 0.520401347
2072 0.574425735
2062 0.539141895
2084 0.536417724
2071 0.556824725
2076 0.54050344
2025 0.549028302
2068 0.547228648
2031 0.547617067
2061 0.566829563
2043 0.529415259
2030 0.513860743
2072 0.521100468
2054 0.543230444
2033 0.569868874
2045 0.544163071
2069 0.51791968
2050 0.525246556
2069 0.552567484
2026 0.522031847
2063 0.529282193
2030 0.520804612
2051 0.51275412
2067 0.512933628
2074 0.565616072
2064 0.523559063
2069 0.513807847
2028 0.593199439
2057 0.550874082
2084 0.51899165
2039 0.543283109
2051 0.55491313
2030 0.517312816
2083 0.526703745
2052 0.557647351
2043 0.542382923
2049 0.553547076
2030 0.520467977
2054 0.561708149
2061 0.553464977
2051 0.528532691
2038 0.519743591
2042 0.511800248
2063 0.523528429
2058 0.570004693
2075 0.525960141
2047 0.516598263
2034 0.545589146
2028 0.522775333
2068 0.620885213
2032 0.543909272
2049 0.529127742
2051 0.54480914
2073 0.534550015
2038 0.534678605
2075 0.54809405
2043 0.518771279
2049 0.519527586
2052 0.521642899
2063 0.563732459
2063 0.568880321
2043 0.565729392
2067 0.538709463
2056 0.513138949
2061 0.54275736
2039 0.568673334
2043 0.534359659
2070 0.557510421
2062 0.546751568
2100 0.543933328
2071 0.519029511
2054 0.535303477
2065 0.541365617
2042 0.556004049
2047 0.549269652
2060 0.548247446
2051 0.53805103
2067 0.590121166
2053 0.565207809
2049 0.515450716
2040 0.538117801
2054 0.525797253
2034 0.51748075
2043 0.55651428
2054 0.515660726
2066 0.518481178
2060 0.535357441
2032 0.516472125
2044 0.544189452
2035 0.529684441
2038 0.516638235
2032 0.550180634
2081 0.570261496
2030 0.563876748
2043 0.525079859
2043 0.553664113
2025 0.540075836
2026 0.531155217
2076 0.563329288
2077 0.523176914
2036 0.5628831
2038 0.568420171
2059 0.527440251
2062 0.540641826
2042 0.574794491
2069 0.527834471
2058 0.56345784
2043 0.539104763
2010 0.553597824
2063 0.541808374
2057 0.553225696
2043 0.538170437
2057 0.517656017
2044 0.575803551
2026 0.536894142
2033 0.545525853
2029 0.523643718
2073 0.555941519
2055 0.52329862
2094 0.520749468
2069 0.528453783
2043 0.546175153
2036 0.51473674
2071 0.527775236
2047 0.521452048
2025 0.539729956
2028 0.522231476
2047 0.53292963
2087 0.511657842
2030 0.527535119
2039 0.538906641
2063 0.542359699
2026 0.544422083
2063 0.516154319
2068 0.510953616
2051 0.556235613
2037 0.53938223
2051 0.530759911
2042 0.539621811
2030 0.527878761
2041 0.544519315
2097 0.547331116
2043 0.557396802
2068 0.533467142
2041 0.544725806
2038 0.548004824
2043 0.551252464
2030 0.571026688
2053 0.534300092
2037 0.561835209
2106 0.535598818
2025 0.563093816
2059 0.53238249
2103 0.559461278
2053 0.570556271
2079 0.540402783
2049 0.54452953
2055 0.531455873
2034 0.553675909
2052 0.604700138
2068 0.549368464
2038 0.537290246
2062 0.572655997
2069 0.554231199
2068 0.539064211
2063 0.609540974
2067 0.535216494
2041 0.53065144
2067 0.524231591
2055 0.542010092
2035 0.526034766
2030 0.49179353
2004 0.549382488
2063 0.530666241
2056 0.592322234
2101 0.520179867
2043 0.525641198
2034 0.528645479
2075 0.55519377
2029 0.512136045
2057 0.567048351
2042 0.628007717
2039 0.51386956
2061 0.532462968
2067 0.537423421
2020 0.518739114
2058 0.531865391
2060 0.516832011
2052 0.570777941
2051 0.528578932
2045 0.596570646
2043 0.546349613
2036 0.517359921
2033 0.573331335
2054 0.527550567
2038 0.529014652
2028 0.533777787
2038 0.552759424
2069 0.58097269
2059 0.543016098
2045 0.540983574
2045 0.537881185
2063 0.528987485
2069 0.517413734
2050 0.565483853
2036 0.507649406
2052 0.564577924
2068 0.513248388
2043 0.521563959
2026 0.544670102
2049 0.544694422
2056 0.565026453
2058 0.583981629
2015 0.571488953
2037 0.540676647
2084 0.559081805
2062 0.54285639
2047 0.583524413
2043 0.521548144
2059 0.534865908
2060 0.521688784
2042 0.535916225
2050 0.514116009
2041 0.534518861
2058 0.546860109
2049 0.523350699
2041 0.527027967
2055 0.522416222
2054 0.516288054
2065 0.53222212
2079 0.537095254
2043 0.519243435
2073 0.495207356
2065 0.540532894
2034 0.524908186
2062 0.518092519
2075 0.540614194
2071 0.521585229
2068 0.517014584
2034 0.54190894
2071 0.523052354
2097 0.520643573
2063 0.532834662
2052 0.517121375
2047 0.527193182
2063 0.541106835
2061 0.518091723
2084 0.531718937
2030 0.559232804
2045 0.551088942
2067 0.547258756
2049 0.536125303
2030 0.529745975
2030 0.526887795
2054 0.563780601
2030 0.534407561
2068 0.518122536
2063 0.53757262
2059 0.543302762
2061 0.541556288
2029 0.567945569
2043 0.536542575
2041 0.545962274
2051 0.526776598
2061 0.514231781
2063 0.567061103
2063 0.549726702
2030 0.55345001
2052 0.546267464
2043 0.54763153
2073 0.534074296
2057 0.527860037
2054 0.527580308
2062 0.530758218
2071 0.523310674
2043 0.543489716
2060 0.520834962
2059 0.564006657
2050 0.520357665
2039 0.499663014
2045 0.565020395
2041 0.547535864
2062 0.577671233
2034 0.636461137
2038 0.51903026
2048 0.558491229
2060 0.623983559
2021 0.567464338
2069 0.512881662
2063 0.544051688
2030 0.516241382
2054 0.532440417
2033 0.635644062
2030 0.523072149
2064 0.523241399
2047 0.529189659
2052 0.515672525
2038 0.542040557
2055 0.528139104
2059 0.545674745
2049 0.523011551
2041 0.521284787
2032 0.570699272
2034 0.549071956
2050 0.524418678
2061 0.518527598
2051 0.534327365
2025 0.541158803
2065 0.549682724
2057 0.517032974
2051 0.522623795
2063 0.531268957
2051 0.51846988
2071 0.532905691
2030 0.504260858
2027 0.524083921
2063 0.538173732
2059 0.519249768
2063 0.51282277
2069 0.573360445
2079 0.524361171
2059 0.551703389
2077 0.530213421
2063 0.559802522
2057 0.65776603
2058 0.543672007
2052 0.536654741
2063 0.5870607
2062 0.517634026
2053 0.531175811
2071 0.540670539
2022 0.548011284
2080 0.517755448
2069 0.532480868
2051 0.512435546
2029 0.523954937
2063 0.517806298
2038 0.550765027
2041 0.536445165
2072 0.547875577
2067 0.583214378
2050 0.555371952
2063 0.556887797
2022 0.517376271
2022 0.51784978
2082 0.513491945
2030 0.523961351
2043 0.51535107
2059 0.531343686
2079 0.544645222
2068 0.52446427
2030 0.520151234
2025 0.524305131
2066 0.531714416
2051 0.526323525
2063 0.517049676
2069 0.537534967
2055 0.543983985
2030 0.552930756
2047 0.53111519
2074 0.527947691
2068 0.521155663
2069 0.51353971
2061 0.521510763
2034 0.515028235
2043 0.535209168
2057 0.569759012
2051 0.520777097
2051 0.550007309
2062 0.51691985
2072 0.547043139
2038 0.544777597
2096 0.551361016
2051 0.534464473
2068 0.517793159
2070 0.534866862
2044 0.574553838
2045 0.524527677
2030 0.518969456
2059 0.514275243
2045 0.55665611
2045 0.534955374
2033 0.582718784
2025 0.549666164
2074 0.532314033
2040 0.560673378
2070 0.531863205
2069 0.525733406
2028 0.522110849
2069 0.53933051
2041 0.562282694
2063 0.547152256
2043 0.546130849
2042 0.547676284
2065 0.551604351
2030 0.517511896
2069 0.550421756
2085 0.516005432
2040 0.543631709
2038 0.595978984
2057 0.540309761
2043 0.560486653
2045 0.566410204
2037 0.553555567
2064 0.544434978
2055 0.533478695
2030 0.548151976
2051 0.516870282
2041 0.593785344
2069 0.537497022
2038 0.5323746
2059 0.554145827
2035 0.539680906
2049 0.577848409
2030 0.55061185
2080 0.606272644
2043 0.534470775
2091 0.538813211
2030 0.520286713
2043 0.526649992
2033 0.525603615
2080 0.523277803
2064 0.538507383
2009 0.556237414
2065 0.335003603
2043 0.52420611
2043 0.51248493
2057 0.533813288
2027 0.56858453
2030 0.524330921
2022 0.541146784
2073 0.540427127
2043 0.534114079
2031 0.551080242
2030 0.526391506
2032 0.535715174
2063 0.572151911
2038 0.552551657
2056 0.546995167
2043 0.545299082
2056 0.604575473
2022 0.521342764
2063 0.511803687
2062 0.603222738
2042 0.545023815
2063 0.550170838
2076 0.570813719
2075 0.551985063
2043 0.594452459
2067 0.531568193
2043 0.539486456
2067 0.531895552
2052 0.519254065
2042 0.584053377
2055 0.552328404
2081 0.515914397
2043 0.552942482
2057 0.547080542
2052 0.588298013
2057 0.534161317
2045 0.549897714
2038 0.518797969
2028 0.540194637
2061 0.552370806
2028 0.538918722
2069 0.512612801
2055 0.552254737
2059 0.582754905
2062 0.520501385
2067 0.519793398
2059 0.541523795
2060 0.555873677
2051 0.566282242
2047 0.568978444
2057 0.5403786
2045 0.579413739
2041 0.537303111
2064 0.555627889
2043 0.535825327
2076 0.515836414
2020 0.519716351
2030 0.624619969
2049 0.517032781
2026 0.523885468
2074 0.525921782
2060 0.559638379
2052 0.554727226
2070 0.519614534
2054 0.599793225
2030 0.523813311
2074 0.514108153
2063 0.51202077
2043 0.539380699
2040 0.520077705
2026 0.549005007
2047 0.517925762
2073 0.561810704
2069 0.517976452
2055 0.519004399
2057 0.539117491
2034 0.497811551
2052 0.637930951
2056 0.523066846
2039 0.559443075
2026 0.549368639
2030 0.525682098
2060 0.523335777
2051 0.55230889
2066 0.529119498
2037 0.539392734
2051 0.541181628
2030 0.550199248
2061 0.52575815
2042 0.535260358
2030 0.539663654
2022 0.550945417
2043 0.554847354
2043 0.60996582
2063 0.533697606
2062 0.568446179
2060 0.551731425
2059 0.503948966
2063 0.527443768
2051 0.518403998
2033 0.521835117
2077 0.538306472
2069 0.536623818
2043 0.548926347
2042 0.532269373
2052 0.530864007
2057 0.573626046
2043 0.537261997
2065 0.5216321
2070 0.49451441
2043 0.546861653
2075 0.512701489
2038 0.521243891
2063 0.521122571
2051 0.554973017
2065 0.542739519
2057 0.559647211
2050 0.563355119
2069 0.547723492
2030 0.56934801
2065 0.522712559
2076 0.559166455
2044 0.520723176
2076 0.559846963
2043 0.515710323
2083 0.515195135
2058 0.532987805
2030 0.56711044
2066 0.548417783
2052 0.523260499
2048 0.540036223
2087 0.52630124
2062 0.547553877
2063 0.51169614
2074 0.511211881
2061 0.569979522
2051 0.525078335
2079 0.502446162
2085 0.519252026
2054 0.550153371
2054 0.55639451
2066 0.519268066
2043 0.549522474
2043 0.530567788
2060 0.528073657
2049 0.535161723
2048 0.520041745
2043 0.534472246
2043 0.581969666
2042 0.525136069
2049 0.544027445
2042 0.53083066
2021 0.521192653
2095 0.526747955
2054 0.528325439
2057 0.558394179
2056 0.514083308
2054 0.533819512
2030 0.555971587
2055 0.535743595
2042 0.582659738
2069 0.532781016
2030 0.515367655
2028 0.517849107
2029 0.537551501
2051 0.521838334
2041 0.522113073
2071 0.538823458
2109 0.515162668
2052 0.586688267
2039 0.52927536
2043 0.52961488
2042 0.548622536
2065 0.566547416
2020 0.52392598
2068 0.527212899
2050 0.519377405
2074 0.537476185
2042 0.556574251
2043 0.529413762
2018 0.534313226
2062 0.534331957
2062 0.58122282
2030 0.567258667
2029 0.555768365
2067 0.528445588
2043 0.584038712
2068 0.545168952
2052 0.527553462
2051 0.523405435
2030 0.550101567
2048 0.59412463
2050 0.586489565
2055 0.54911444
2063 0.528255851
2063 0.516025302
2078 0.526572296
2043 0.516057843
2069 0.518499254
2085 0.530607694
2063 0.531585532
2046 0.528168263
2045 0.578128246
2051 0.546744142
2045 0.55017125
2052 0.543802342
2041 0.519794343
2054 0.572919126
2070 0.510182066
2057 0.530746256
2074 0.565426692
2039 0.54513139
2056 0.53305233
2025 0.552137137
2030 0.53314881
2034 0.51518401
2041 0.55125678
2055 0.549631135
2052 0.584666799
2042 0.441928525
2055 0.510096119
2048 0.519678906
2024 0.515861829
2083 0.522142068
2055 0.547595432
2036 0.541379293
2043 0.537722647
2068 0.538199095
2037 0.559071124
2069 0.563293611
2049 0.535905033
2056 0.549389268
2039 0.529214347
2065 0.546794018
2048 0.582414967
2035 0.541708396
2067 0.52548055
2034 0.515067046
2030 0.554550602
2049 0.524704634
2071 0.553661126
2068 0.513670212
2077 0.535950637
2033 0.549138483
2063 0.561639981
2020 0.517866189
2030 0.534100195
2046 0.549320693
2051 0.557082057
2074 0.532203222
2067 0.545209498
2060 0.555457754
2039 0.525644675
2043 0.517195903
2057 0.530312539
2034 0.535734141
2051 0.554378279
2063 0.538478323
2020 0.528050678
2022 0.548932778
2063 0.537218498
2069 0.535781893
2065 0.53959247
2043 0.530707541
2067 0.516683639
2037 0.627117287
2025 0.565300146
2074 0.517896655
2063 0.523250668
2062 0.529355577
2045 0.561427149
2064 0.555731979
2051 0.582969258
2082 0.56445335
2026 0.537469672
2069 0.500228056
2047 0.548571495
2069 0.538750778
2042 0.542389996
2063 0.518836686
2090 0.538166231
2038 0.612739211
2061 0.539781046
2032 0.555377824
2041 0.542761836
2061 0.526048593
2069 0.521950857
2048 0.533855787
2022 0.544913071
2028 0.587816396
2065 0.52753216
2042 0.543142398
2047 0.532290184
2026 0.514474373
2071 0.55473473
2009 0.519591017
2060 0.527384942
2063 0.518601442
2045 0.557601261
2030 0.513859598
2026 0.529142617
2077 0.514532326
2079 0.537616079
2052 0.526688096
2041 0.540000392
2091 0.53175046
2063 0.518009826
2056 0.541138759
2094 0.526554788
2017 0.567484191
2055 0.541980926
2063 0.545783585
2030 0.527021127
2075 0.519658522
2050 0.527144357
2100 0.555807702
2063 0.534218204
2051 0.516465973
2043 0.567544744
2055 0.522020895
2030 0.533651227
2055 0.548520898
2061 0.536688398
2067 0.521436369
2055 0.546621855
2052 0.566607008
2041 0.528249887
2069 0.538096704
2039 0.635665679
2063 0.349077615
2030 0.515074522
2038 0.552887403
2053 0.517696173
2030 0.517002635
2044 0.627321802
2051 0.536697129
2058 0.608770775
2047 0.556410952
2073 0.562276494
2030 0.529062426
2067 0.527387102
2072 0.56063913
2074 0.520287437
2030 0.549680138
2063 0.533686203
2084 0.549824008
2046 0.535182528
2030 0.536714143
2063 0.520534398
2048 0.560895832
2066 0.51714811
2047 0.553185788
2034 0.639863355
2039 0.567243731
2017 0.523169321
2053 0.545889135
2041 0.527708766
2032 0.520388681
2035 0.531428524
2073 0.547939809
2063 0.550109451
2057 0.532399392
2033 0.550554971
2077 0.541874181
2063 0.540975264
2060 0.548998128
2051 0.549386266
2043 0.525191318
2038 0.548728688
2063 0.536794619
2038 0.555275967
2049 0.537562997
2063 0.538016456
2074 0.5725418
2043 0.527443582
2059 0.576273548
2017 0.542283933
2038 0.544378206
2063 0.533795872
2063 0.532361607
2045 0.578827551
2070 0.555252711
2085 0.53191483
2074 0.544799637
2049 0.524137867
2049 0.565044239
2052 0.591119911
2093 0.519057204
2063 0.548622346
2039 0.541120961
2068 0.515070059
2066 0.534233615
2060 0.526407911
2043 0.56223801
2052 0.517792421
2043 0.51500202
2024 0.519768244
2032 0.535250343
2064 0.574536661
2045 0.540052807
2042 0.522492197
2043 0.544370294
2035 0.552951345
2030 0.538547333
2055 0.53664891
2038 0.529467515
2058 0.529940003
2069 0.535430075
2063 0.530620071
2047 0.558648708
2063 0.548427103
2042 0.516559019
2051 0.551282533
2051 0.547426986
2069 0.509490244
2030 0.554925733
2045 0.557063095
2056 0.553717596
2043 0.532367448
2043 0.533729514
2068 0.515694725
2058 0.523877267
2085 0.520557179
2043 0.546216913
2030 0.542996345
2026 0.607067711
2041 0.521828316
2051 0.555756662
2043 0.527108009
2066 0.542242228
2078 0.582963843
2067 0.550666941
2050 0.590851697
2043 0.549182246
2038 0.562670842
2026 0.525651496
2066 0.520940852
2075 0.533064881
2043 0.393248509
2041 0.533905887
2036 0.561194765
2055 0.51559553
2085 0.536969288
2017 0.554448049
2062 0.61314812
2069 0.567012387
2038 0.532305724
2043 0.550307884
2051 0.557869889
2049 0.542461771
2035 0.552532988
2019 0.513143981
2063 0.54905514
2057 0.524666382
2062 0.644792377
2043 0.545976392
2077 0.562717205
2038 0.537211341
2066 0.515519765
2018 0.527213016
2016 0.51130823
2038 0.612873607
2042 0.551599524
2057 0.517407171
2063 0.539737795
2017 0.566685594
2055 0.51800045
2069 0.518882127
2058 0.518881366
2033 0.579078104
2043 0.537364185
2040 0.531471085
2029 0.520707352
2030 0.549376086
2070 0.496020896
2041 0.579436605
2030 0.545173401
2043 0.534022608
2039 0.550375144
2036 0.538143765
2056 0.570596526
2058 0.54880017
2062 0.520657665
2064 0.526733255
2063 0.514302427
2098 0.529442476
2028 0.652160703
2054 0.553059028
2030 0.536296574
2087 0.550702706
2051 0.535961585
2076 0.582457999
2049 0.544979266
2034 0.525586612
2038 0.54381299
2039 0.556451349
2063 0.524660636
2049 0.55303284
2068 0.559391169
2048 0.548906654
2041 0.539742646
2043 0.526875959
2045 0.558888572
2069 0.528645975
2041 0.522901614
2054 0.531271536
2029 0.520645782
2047 0.530443039
2065 0.568764661
2070 0.516019618
2042 0.524880128
2047 0.531208898
2054 0.56928478
2028 0.525096439
2043 0.527204202
2057 0.564424468
2049 0.542483331
2058 0.538309445
2047 0.523705405
2042 0.518602002
2032 0.555891097
2039 0.547485816
2038 0.548715222
2055 0.528074242
2035 0.532736997
2037 0.520891007
2040 0.556324728
2079 0.519502702
2030 0.517651138
2063 0.535873787
2035 0.545876474
2043 0.519819351
2069 0.550137081
2053 0.539888115
2090 0.549131234
2043 0.563387057
2061 0.51471372
2062 0.543987342
2034 0.527276768
2043 0.573602944
2043 0.56307134
2022 0.542659758
2031 0.578929887
2045 0.534461506
2029 0.537492906
2029 0.534268497
2050 0.585894105
2066 0.513346877
2043 0.526453833
2043 0.604465757
2063 0.534460846
2058 0.529784522
2073 0.534237938
2026 0.526290824
2057 0.584508267
2054 0.628380859
2054 0.568754401
2042 0.526035477
2057 0.645684781
2060 0.602493638
2055 0.526088678
2030 0.558434708
2043 0.534009441
2039 0.545930991
2063 0.534738679
2045 0.568836534
2043 0.516534021
2016 0.530196836
2058 0.517089001
2043 0.545066526
2039 0.545804524
2074 0.516798092
2033 0.541872308
2074 0.523727119
2059 0.51466722
2026 0.516668044
2075 0.523037563
2022 0.546929992
2042 0.543022256
2072 0.571772868
2071 0.546369685
2063 0.529193553
2058 0.524865698
2027 0.545479508
2047 0.532445243
2100 0.522839906
2071 0.518901649
2066 0.555795675
2051 0.528940426
2030 0.561949775
2032 0.544590434
2060 0.560878179
2057 0.518013224
2038 0.508609626
2028 0.582167609
2054 0.533745222
2036 0.5284344
2037 0.533128565
2060 0.503730234
2054 0.550889566
2028 0.572738422
2029 0.520496548
2064 0.540348562
2064 0.517608028
2038 0.526816138
2034 0.538519009
2053 0.533546826
2064 0.536610556
2054 0.529155361
2045 0.534884392
2051 0.515127359
2063 0.555906472
2051 0.549372064
2028 0.545609897
2068 0.555189415
2058 0.523771441
2063 0.548851178
2033 0.523855122
2057 0.55119462
2061 0.526508233
2087 0.577657302
2038 0.557649719
2029 0.567758446
2073 0.543069659
2042 0.543741317
2061 0.517647965
2030 0.542258932
2043 0.544834284
2038 0.531811438
2043 0.523539496
2036 0.558589609
2063 0.515562683
2028 0.543930328
2064 0.544438977
2030 0.549139852
2057 0.524464034
2041 0.52282375
2058 0.523740088
2042 0.520447908
2069 0.537760781
2043 0.52018691
2042 0.547958057
2045 0.555045594
2075 0.555573553
2041 0.539914815
2063 0.523930489
2035 0.552782933
2042 0.552520424
2079 0.526193602
2035 0.558219165
2026 0.537664394
2058 0.528418086
2021 0.521916457
2063 0.547366043
2063 0.541095634
2076 0.553059355
2068 0.542037961
